[[-0.9051223288743662, 0.18723571964789865, -0.06060698901152728, 0.36373633952706963, -0.8293650486502371], [0.06869365694255092, 0.5650259530624138, 0.8485009519001054, -0.12970068981940508, 0.8451425866569697], [-0.522898120389514, 0.6833291569928672, -0.1354138449964999, -0.8768804583712195, 0.5029393234949489], [0.8091913462401956, -0.9889930226104438, -0.47730468908545265, 0.8064972495539793, -0.9304778509743201], [-0.002762095055858227, -0.6161340863371847, -0.7146852271853184, -0.45372571069692813, 0.15845712595347838], [-0.02104298221726153, -0.14203195846070815, -0.3927848871027513, 0.7322286397491284, 0.4647600050813472], [0.1296635891706266, 0.9183428486206477, 0.1919277721224244, 0.7099461225015666, 0.7110037871582553]]
[[0.8715106219381132, -0.5178966745344478], [-0.4053433987750181, 0.03894555382525211], [0.34027113207607607, 0.9131720713950893], [0.005340843077211055, 0.21258240396539918], [-0.5696994105348927, 0.05240639102760847]]
[-0.7215343078704448, -0.9871477390495533, -0.031420491981978715, -0.8269586202966512, 0.5564854603051852]
[0.4320462398228264, 0.1818719842796801]
[[0.057353954097478566, -0.9576485857838473, -0.8716540430927502, 0.9552014138635117, -0.04529116206739303], [0.3282291910561599, -0.8059257603719125, -0.0028565364729060683, -0.4635079753759228, -0.5759215817279242], [0.8067415519431984, 0.8887750505110392, 0.8755714046380143, 0.2953178149923483, 0.8188420528862794], [0.5498193477798134, 0.26147551226913635, 0.7831004107695068, 0.6534342664435115, -0.33756709722601297], [0.6899202298593354, 0.1559348089452275, 0.0804868150894531, -0.852288898523353, -0.030178949611471717], [0.8480753629780005, -0.23266649958441943, 0.006912120113245823, -0.12303219606152527, 0.934309108659841], [-0.4343179838566138, 0.025445143716305463, -0.10375520207293731, -0.8639916562836654, -0.9082853703792602]]
[[-0.4646090886582708, -0.2298171604106478], [-0.5467700486922109, 0.2463993157505464], [0.3487732468511584, -0.5282606132432], [-0.8228542308945914, -0.14458695959114687], [-0.5251919472280997, 0.013161215788907832]]
[-0.5198143748815978, 0.729887957614451, -0.5234580233240247, 0.6815084408097574, 0.8357975584967559]
[-0.08646904900231678, 0.07181843628348994]
[[-0.5257207314748815, 0.4325490758045447, -0.9523844258416543, 0.10298767160972178, -0.9362861588022839], [-0.6070092105343361, 0.31098304080670514, -0.4746153572592038, 0.3020737926198207, 0.001756765777515712], [-0.421164338844781, -0.9478555065621419, 0.11897180499289428, 0.2936651675350779, -0.15309889033067803], [0.7716010124242105, -0.6261965974368306, 0.45563476253711155, -0.13796373591194366, 0.8587925393732292], [0.6159299672953864, -0.367408721386681, 0.24896939979878185, 0.6179836072514084, 0.05891122629474421], [0.7970952039377668, -0.22158238467561442, 0.04415273114202911, -0.18552873049743313, 0.026433527199814844], [-0.4496155613168207, -0.14007779898582684, -0.6691202902016689, 0.5040170810384752, -0.055006739804502214]]
[[-0.785134043327917, -0.3835729525382974], [0.7183812120910467, -0.26707693049509595], [-0.679192530270035, -0.29315329772420506], [-0.004403182965393215, -0.28776511451647435], [-0.47005720862317, -0.8165342669181861]]
[-0.11747147151920401, 0.4566531363465487, -0.7378351617757997, -0.45318446046116323, 0.6399665759788902]
[-0.30184940923790093, -0.3910218285004099]
[[0.38820977740434914, -0.3696817911841055, 0.9543249803767093, -0.9991697767548959, 0.0584929319759353], [0.8827464627391166, 0.9120692700261925, 0.05660418453663851, -0.600202768173949, -0.5493480565035556], [0.8153385340900263, 0.28842613276149787, 0.4278870740121763, -0.570395930725458, 0.7210815538970552], [-0.6679974685663344, -0.34086912118139967, -0.8433725204425504, -0.6746472201404174, -0.09754370318741667], [0.23166778615429728, 0.3307903389104283, -0.06002083676605863, 0.3739694629627257, -0.2452560488094644], [0.4618887754874348, -0.7646242335039717, -0.09418052548763578, 0.5254043757354403, 0.9586222265775626], [-0.8042354095274791, 0.553941124782191, -0.22230483875566365, 0.6874640831129275, 0.4031836360117951]]
[[-0.5784229936472911, -0.4737441504922144], [-0.6505822456613564, 0.6205627557101328], [-0.07906625407166734, 0.46645543242190324], [0.5207347161338922, 0.9472465896289177], [-0.0939560599548166, 0.4369648259839276]]
[-0.3519418830746772, -0.2331665732216226, -0.341452827921535, -0.8260948983104464, 0.17837242419681298]
[0.9561182285387329, -0.8440145573725601]
[[-0.7942676697662832, -0.9261788652790743, 0.9618228115520078, -0.5694969681334554, -0.8702749369266474], [0.042769808842150425, -0.7779732361128346, 0.9648945679623677, 0.7411557601269563, 0.9723540599994753], [-0.10612239551343028, 0.24918261816474652, 0.1611796324915502, -0.9321393839004248, 0.18863597046311265], [0.6978268411873614, 0.26358713875908646, 0.28305325355212085, -0.36869249494874423, -0.04022923685298019], [-0.07049506990046028, -0.2016068409152867, -0.11068493025690218, -0.5951647787618248, 0.2666428952851765], [-0.07726733918154283, 0.5455562846190798, -0.3792391986478645, -0.4018616213132311, 0.11536105235105065], [0.7906363306367217, 0.8083258081258269, 0.6758251965349682, 0.3312656587246643, -0.06271154035659321]]
[[-0.7357772981735486, -0.9584258694264105], [-0.798289406071309, -0.6194276906553271], [0.6027298392353204, -0.477751514256767], [0.14480407943679396, 0.9907693896232339], [-0.763941626588839, 0.03625401377136428]]
[-0.3176873305727512, -0.290897521821498, 0.19167467639340874, 0.4647674104824826, -0.26140938256433643]
[0.36698817180057985, 0.8695024679374208]
[[0.30085940382957643, 0.9875097666835349, 0.9524503054622384, -0.14851622960722688, 0.6454079296970585], [0.6598784893057279, -0.018630120697597174, -0.6300466444583634, 0.02715873418029946, -0.3835519513977981], [0.9980450416449891, 0.25206980743758445, -0.343569345774132, -0.09384363946956187, 0.36558704595131775], [0.7029813595382353, -0.923865318367231, 0.09047314907736892, -0.24957498915047993, -0.7065857246384368], [-0.3740348807581826, -0.15204359622201102, 0.3722943102169485, 0.05653250096668039, -0.6523184321396733], [-0.0139621832506589, 0.07197566050559412, 0.7992679635300219, -0.10190973254760527, 0.21984721470673452], [-0.8017714433329175, 0.33265600316185084, -0.2717921878257312, 0.8117317984395969, 0.993283482663059]]
[[0.49685018147696436, -0.3149159147829781], [-0.9806225141211837, 0.6811625631886968], [-0.5251460115478808, 0.6793021132688901], [0.7144670382797149, 0.4027457740898175], [-0.6571056460333067, -0.9460963397880036]]
[0.06594011404661271, -0.6224453460974291, -0.6487138259595246, -0.45315072392731137, 0.7776826992286869]
[0.9119259678341562, 0.29394127051127894]
[[0.9878516747138479, -0.11521244421414689, -0.44315114167449177, -0.06496589249696272, -0.33910362374950465], [0.8565322389480314, 0.03043841830682803, -0.02984168339797888, -0.974824648368694, -0.5350506882407797], [0.27109026036296546, 0.20958483648464732, 0.952846399394849, 0.2704252587856215, 0.15920298348260586], [-0.8998784370703283, -0.4460808805155587, 0.4118971827400735, 0.16771236080787277, 0.1396456441016236], [-0.9489401390096035, 0.25885140074593127, -0.007722867924315757, -0.008472523727271364, 0.7166839576732633], [-0.49807936316699486, -0.9051373645010616, 0.03595156056502735, 0.4111204379710065, -0.43532660690851], [0.70069786185165, 0.5411572491436789, 0.3272077322736848, -0.744579868172526, 0.8313985223135456]]
[[0.3508650944776517, 0.7951233663138384], [0.13207353883369222, 0.03105211086501236], [-0.10968002115634201, -0.9674171461490282], [-0.6771532006735645, 0.4742171844533849], [0.455511907522564, 0.7173392838291881]]
[0.6109063567583175, 0.668156678796149, -0.5110083692422291, 0.9540477429213532, 0.7752536461739101]
[0.27238157237568195, 0.8669450361640458]
[[-0.804124997921102, 0.6734840338768402, 0.6766799009315907, -0.8597950037080251, -0.42620994627941733], [-0.4811287147097114, -0.22586766980632955, 0.903121753452979, 0.9605832445022824, 0.5185679415093893], [0.16915775052581217, 0.2653947647740684, -0.6459632844515899, 0.3518034953347615, -0.12174503389690505], [0.46208165847163385, -0.9741416300474812, -0.6222957184256284, 0.29031378096465077, -0.4636083313691801], [0.288744417940203, 0.20769964762705562, 0.221654692693658, -0.644823892134109, -0.30251077901808876], [0.546753487889245, 0.056439345842177246, -0.6387023858400447, -0.29679203544298005, -0.8599189231556106], [0.19219690726441607, -0.22979882353419234, -0.02090512498845265, -0.4020366337005705, 0.08029940890350651]]
[[0.7871392572204223, -0.2600460295813549], [-0.935551813227951, 0.6033789694596057], [-0.7097805137426068, -0.34534019040013164], [0.7631718436785364, -0.6182352642837627], [-0.3807263330305366, 0.3240620136941257]]
[0.3676848364879681, 0.46923253596877657, 0.5380181744089412, -0.9214858063370361, 0.26073706349057524]
[5.958001506052302E-4, 0.6387651620031463]
[[-0.7845698590687724, 0.9430969971047971, -0.22359869258730103, -0.8634870603236133, -0.8514844095157768], [-0.10727751630303706, -0.47861807584940075, 0.34159647642608615, -0.35391473184495004, 0.1899901936813837], [0.004752595572517615, -0.10126568453503437, 0.7268467592414192, -0.8004643455107696, -0.710046312033437], [-0.4352173288517096, -0.5672733682759163, 0.1907640891804656, 0.9105912250287767, 0.8077378434708311], [-0.29483609855659876, 0.44269816713357835, 0.463758053232989, -0.07901650926838455, -0.2256848530874047], [0.46255847884222634, -0.12532548644564923, 0.5454668575810071, 0.8914298359067703, -0.19172084864084726], [0.6893985204852888, -0.2288807476698851, -0.6412783463190119, -0.1273891330597101, -0.49336126223968835]]
[[0.05248228738137395, -0.23972491729465117], [-0.22175597382144252, 0.17385605131464144], [0.8053044570625703, 0.4232025282394207], [0.7213904338387482, -0.9372928774246443], [0.9974240676869999, 0.8518674385619891]]
[-0.2631112890183964, 0.6044870019833557, 0.8519245310961665, -0.8656782438242068, 0.7505864836702583]
[-0.2173039007435431, 0.16130448563513933]
[[0.13226283898610447, -0.5803891389358402, 0.6190702847454106, -0.8943873677637151, -0.831334877583334], [-0.3336690147540291, -0.39558539622820743, 0.37388173343263276, 0.014011749144453134, -0.3889900450819783], [0.521550314783852, -0.4285514459656299, 0.07767802912955335, -0.7700298932532204, -0.6973857670794688], [0.969292325995522, 0.8337747375325479, 0.5873776793970953, 0.7990886502825951, 0.6437792976418857], [-0.3855033825039045, -0.7347291864230974, 0.9039009429490972, 0.0033697694876246853, -0.5953797572149322], [-0.8883898216850092, 0.4496410755325131, 0.8520572976110574, -0.16220304043135925, 0.5370848469014413], [-0.281607161207321, 0.7401274070375121, 0.022462074579053803, 0.7475590587358163, 0.42769371717026594]]
[[-0.9099623435484465, 0.5461235961218214], [-0.4453480137983594, 0.7472892227063872], [0.15047239295175996, -0.3580409181474704], [0.3409320258342128, -0.8262188685431624], [-0.02559858661068737, 0.8223973854304467]]
[-0.2530030283742921, -0.7402305934726845, -0.09508550171104413, 0.20515976142111114, 0.45498947978656146]
[-0.944549243424244, 0.7230055106236699]
[[-0.907363531456961, -0.8421503073482599, 0.42320220301227995, -0.9975621959451981, -0.5938811019694212], [-0.06446930977294185, -0.9680755181951377, -0.13837279610409814, -0.5959854663500839, -0.5995996325260962], [-0.17999822974525936, -0.5977718438410979, 0.4134925246060721, -0.8025263611380422, 0.03116102100480611], [0.8368562308688381, 0.5420407512525729, -0.3594799439082057, -0.027423078204980245, -0.6506372359845327], [0.06324026160030138, -0.9305892940421665, -0.2969522395601967, 0.6234141075192621, 0.7925702856457237], [-0.16403485782836524, 0.3763557409820437, -0.8166427887707781, -0.4237985775827471, -0.2389876778196447], [0.691996591043103, 0.8377390995402909, 0.6730925526151852, 0.03342482343397757, -0.8046816735033764]]
[[-0.5928949572388469, -0.9567642751432339], [-0.45672491565846385, 0.2380183050667979], [-0.8852472569558414, 0.8254983856840643], [-0.9938885449049297, -0.6218591410413303], [0.0668960041669795, 0.9755736380475768]]
[-0.9360806532770911, -0.05339732798937291, 0.4100878848928722, 0.9798349284174821, -0.048637370849816675]
[-0.8133955163731263, -0.7331358048167458]
[[-0.8375033352790617, -0.8933148084157132, -0.35080604572798446, -0.8491797681396378, 0.17705696143236782], [0.9032200806675528, -0.11422550029637812, -0.4546367627951837, 0.14433588172339995, -0.5507413133000629], [0.5293990466345528, 0.6748651807656871, 0.11221716732955223, 0.92909765867214, 0.9503467786809057], [0.47948491338530985, 0.783589767508112, 0.8385391396572952, -0.17104783034230597, -0.5282690253917595], [-0.6866996507163348, -0.04826037249482429, -0.8682936905657754, -0.2329788110234099, -0.9098619983453571], [-0.21252615859743895, 0.16799193429247228, -0.24078535409625013, 0.38950254177646526, -0.4119351793992063], [-0.3684933600446687, 0.4800455805604571, -0.7989473174884558, -0.25494208085301584, 0.8887808430775008]]
[[-0.13247034066815155, -0.8686365873329018], [-0.527183310337602, -0.8031406722982297], [-0.39838832145826175, 0.9433336660453306], [0.32427583712958374, 0.46838650787040925], [0.5583909668947513, -0.7992139725067966]]
[0.8482504849228021, 0.2663043462880177, 0.32794097777036924, -0.8084006239471648, 0.7952624714356034]
[-0.006391576166687507, 0.14588078917171843]
[[-0.2949473565848735, 0.36642008000691817, 0.42336627076238154, -0.4641028722309981, -0.3293872029383267], [0.4408442546802154, -0.574900794186118, 0.5534330993530019, 0.4553829391676749, 0.09585462817139367], [0.7866270833273834, 0.34710778766432715, 0.8074755307773749, 0.8301449433730748, 0.5525705463410486], [0.6512928056513678, 0.6735696402157361, -0.9677432719062411, 0.3268403293751456, -0.8800329501437039], [-0.678892593937761, -0.6846795377511141, -0.6473552867834311, -0.6306144205265507, 0.3420758073286818], [0.1671465544466706, 0.8186461874415187, 0.9764685853264543, 0.20568526330326886, -0.9835545769377083], [-0.20186352769422222, 0.6903767505115261, 0.728208034218969, 0.9805744627593169, -0.6922541938979343]]
[[0.5456288612543783, -0.542458890815007], [-0.6261793099971267, 0.5182860172715307], [-0.5760259441431799, 0.30384198644891436], [0.29556325227433455, -0.14832345496391253], [-0.8074684209867049, 0.021109971586333653]]
[0.5532119357060419, -0.35252803774032837, -0.6971242558796731, 0.8921418948188489, 0.7943558130057664]
[0.9725082332288573, 0.3835768849070089]
[[-0.9234673171617667, -0.5181331094140027, -0.18935522238636615, -0.7690697725128222, 0.8768570175441754], [0.9412920965975791, 0.008625732598042557, 0.8433662451101285, 0.7283837877925428, -0.5933114944349329], [0.4907940540755604, -0.8371092296501879, -0.3826650486433043, -0.4012898573810797, -0.5703759360414049], [0.839634259698532, -0.656556082427203, -0.8051018433378232, 0.036683230493983476, -0.3718618146799395], [-0.9156768821390218, 0.27773887542375064, -0.6231650933255379, 0.35174074973098257, -0.10477908770042954], [-0.2271220854424627, -0.9936266951479731, -0.8629610768618508, -0.6377141238747186, 0.08808879183195484], [0.9047839303868286, -0.668442402459007, 0.38489458163735124, 0.9691865665562918, -0.07336273109072766]]
[[0.8304873266768165, 0.08760768534737395], [-0.1055633172418915, -0.19898119109663903], [-0.6362309540327888, 0.9742137074162087], [-0.1661739057524949, 0.6177054970734457], [0.3212331742718686, -0.893460023822165]]
[-0.679325988820394, 0.7620521916939853, 0.5835018015990547, 0.027200154808872945, 0.2750100686116539]
[0.5783312460475725, -0.1994733362207981]
[[0.9773977255573942, 0.28426106483352864, 0.44793708365554985, -0.5828688785717973, 0.9731617323901494], [0.3044553308685243, -0.5517736979131715, 0.6640283744225937, 0.7252918496177736, -0.007837077796800207], [-0.7149455435672016, 0.9929938140854626, -0.3094434859434474, -0.2412961310303985, -0.47939878165169447], [-0.7797872603253264, -0.839246297943677, 0.8347999006007452, 0.30506538188143906, -0.8878957740391893], [-0.6000027741118059, -0.9748250974149737, -0.015434800104218382, -0.018119205230733737, 0.09886147706686743], [0.5930814594650706, 0.8564030802467624, 0.7775709182129671, 0.08875176490547632, -0.0362910119532418], [-0.3191666339209527, 0.08702679223328413, -0.4521332889911187, -0.9704425908763838, -0.8760984782835324]]
[[-0.21276690145339727, 0.6786551963976886], [0.8237727831312047, -0.1401860138604336], [-0.9366949167400362, -0.8025984361690681], [0.3779770342782114, -0.1999196741664122], [0.1964150250604062, 0.5560719714523799]]
[0.5967968605544536, 0.05174133049501339, 0.761630009824525, -0.9133525123361252, 0.9920399537627429]
[-0.5830299941530981, -0.43926409558492074]
[[0.5607263114916414, 0.23750608886832225, 0.267272620923088, 0.7520184870231066, -0.3094206916550768], [-0.5853653841027766, -0.9413175579912381, 0.11046417497116057, -0.6984171478765795, -0.2892801450018989], [0.4615504632776475, -0.9803052088268103, 0.6916388799038831, -0.673337724782658, -0.9120518173569647], [0.15117842752228539, 0.05062051443943738, 0.4960737610173307, -0.6338163067679563, 0.9199008576206449], [0.3040226964968362, -0.06597292664912469, -0.5180658416649753, 0.6046579356971367, 0.21382677663937155], [-0.7581230888346984, -0.5067221854070927, -0.4698178458510123, -0.018854380169535334, -0.599534064516587], [-0.1121836335994173, 0.41344078023407516, -0.6995698912456636, 0.054532188617093524, -0.695856132960468]]
[[0.281885000677633, -0.6402591797139008], [-0.7146736352474963, -0.837690763195106], [-0.6621530780482685, 0.2743055378851711], [-0.9868944824939259, 0.6664754463504479], [0.4038028529096316, -0.9522616208458079]]
[0.8215751423926132, 0.24646346094622462, -0.05232173771740323, 0.5779222367078432, -0.9656812277676949]
[0.8757946464098223, 0.0979436705260941]
[[-0.6147611737915653, 0.5960328505441908, 0.0910974683351844, -0.8623150719772679, -0.3134051363914345], [-0.9244794758267876, 0.9121112255674895, 0.12801829625579275, -0.16592634553615304, -0.9358973510358877], [0.6172633294252383, -0.7502004658394175, -0.3995280440294797, -0.0606047903314908, -0.22739910870804514], [-0.8720294604223648, 0.024657845946979062, -0.681621274323807, 0.7432454871461853, 0.8908972945906608], [0.6592276711988678, -0.5887538618166281, 0.518571684278369, 0.1625701980988452, -0.8866778839989444], [0.36678146277585943, 0.8447728903496934, 0.08452558792139353, -0.08479885765563178, -0.1568293527507023], [0.5566894098735349, -0.812581062877312, 0.5802774443711518, 0.6926570107188794, -0.5578867920498427]]
[[-0.13559616334747537, 0.8641659468428562], [0.19210292948397933, 0.09005137533492369], [-0.11708743754243223, 0.6329265770476666], [0.6651274951996426, -0.6952722923449823], [0.2871801611923721, -0.8360607712583086]]
[-0.6082398570296186, 0.33985703510204957, 0.5412258990072616, -0.8866259183475584, -0.2752863146360922]
[-0.05790256111466596, 0.581936056180486]
[[0.741559240177579, 0.7950619331226789, 0.1969901475018636, 0.8279178105408267, 0.9068997190850538], [-0.481327760627839, 0.9786052029926773, -0.37704296434012896, -0.820465465633867, 0.34532557571639466], [-0.38613223083938863, -0.9813306536916191, 0.6386661772999578, -0.5484101155113523, 0.16269522853474072], [-0.27810595042760533, 0.6987611386069696, 0.48051676568731616, -0.4379969696315764, -0.020857770143147825], [-0.17975679994767346, 0.4468769375792849, 0.4203338840303128, 0.6088916256423713, -0.0811982306047454], [-0.29959213380844973, -0.9158765564334477, 0.17216121418845787, -0.029558292142867648, -0.6490876910205177], [0.6555923223979785, 0.37564677434750693, -0.7346468331043898, -0.1778431292181435, 0.41425771164280967]]
[[0.5229435385194676, -0.749163567314107], [0.5292745930580247, -0.4529273927048776], [0.09599578340632209, -0.2829347203597259], [-0.8252190298197752, -0.22628315117232534], [-0.26913729745293624, 0.18204825543585557]]
[-0.9943097377004693, 0.19515378438600295, 0.29915454634045546, -0.68626418593391, 0.4414176127196128]
[-0.7444773171978669, -0.06036666355316522]
[[-0.3778107022024859, -0.1528051426682362, -0.9720922259122646, -0.4783784016934898, 0.08566014265856814], [0.9292477226342, -0.7954882252814375, 0.6770162011689078, -0.8013873110432335, 0.917975180760989], [-0.8396141662459811, -0.14166245269485422, -0.3831087143151699, -0.5897384252426496, -0.6716107831616425], [0.13928318324379196, -0.33806387698030593, 0.5096568237252375, -0.7903881028402626, -0.879830824253113], [-0.6192483270291642, -0.7385605932965251, -0.44406062893061593, 0.17346359170121328, 0.12840039099099454], [0.9274739268976115, 0.5336974826355481, -0.11101693024471104, 0.05943483512201131, -0.8887110103919311], [0.45370991964610985, -0.8345016010893265, -0.39597251229425523, -0.966404678304746, -0.24253972630751242]]
[[-0.026537594342875614, 0.7863674656454358], [-0.03298072236312555, -0.7993901663409497], [0.12909739004883503, -0.9623472531260959], [0.5664901316156252, -0.1344151963663598], [-0.8960083877651288, -0.5387885995371973]]
[-0.0728554824839911, 0.11724901935457077, -0.6186095012510067, -0.3431772163626259, 0.5250202323330599]
[0.740230147442499, -0.18432730155394172]
[[-0.34152686045076397, -0.5524214684252098, -0.420777479545033, -0.08831053889782559, -0.540824105342645], [-0.45270753909747175, 0.687936304737939, 0.6568778729879048, 0.9202125156405088, -0.5638390992423155], [0.9017725111501063, 0.042345451462458605, 0.7332041271969147, -0.37182315974467817, -0.7829485042761979], [-0.939464155299724, 0.7652644508575606, 0.5983300616597185, -0.800283139176563, 0.030382034143338288], [-0.5630813072712817, -0.503258989521302, -0.7228662438714721, -0.8200678665196102, 0.734011315210112], [-0.20986444937529813, 0.5640215330039973, 0.11994735085854491, -0.6899706916540527, 0.10725469972105706], [-0.9119025172161921, 0.36917546816587543, 0.3487713646664281, 0.8268225694852038, -0.5647191087923711]]
[[-0.2888196681443851, 0.6987648355867786], [-0.5319381155456857, 0.07020150544088688], [0.42987602951765846, -0.9036674382262149], [-0.6178186001297497, 0.13866522381488244], [0.7827109246465351, -0.5218609675913193]]
[-0.09194839992334725, -0.5289666533726765, -0.7395510164008441, 0.7236210012782844, -0.818345505355552]
[-0.4577908662854906, 0.3783707777171921]
